Solutions	
0.0	
793.0	
767.0	
743.0	
731.0	
727.0	
725.0	
723.0	
718.0	
717.0	
719.0	
721.0	
721.0	
723.0	
729.0	
740.0	
717.0	
718.0	
700.0	
679.0	
676.0	
677.0	
676.0	
676.0	
678.0	
684.0	
684.0	
679.0	
685.0	
685.0	
685.0	
683.0	
664.0	
661.0	
660.0	
658.0	
658.0	
658.0	
658.0	
661.0	
660.0	
665.0	
667.0	
671.0	
675.0	
675.0	
683.0	
684.0	
678.0	
675.0	
686.0	
685.0	
684.0	
682.0	
677.0	
662.0	
660.0	
653.0	
651.0	
646.0	
647.0	
647.0	
650.0	
658.0	
667.0	
676.0	
685.0	
690.0	
701.0	
696.0	
681.0	
682.0	
683.0	
682.0	
684.0	
684.0	
676.0	
675.0	
677.0	
672.0	
663.0	
674.0	
665.0	
662.0	
662.0	
670.0	
664.0	
672.0	
672.0	
670.0	
670.0	
665.0	
671.0	
679.0	
675.0	
681.0	
680.0	
681.0	
689.0	
690.0	
684.0	
683.0	
681.0	
671.0	
670.0	
672.0	
659.0	
656.0	
658.0	
669.0	
677.0	
676.0	
685.0	
696.0	
696.0	
697.0	
698.0	
704.0	
702.0	
701.0	
698.0	
698.0	
697.0	
702.0	
698.0	
694.0	
691.0	
689.0	
677.0	
671.0	
672.0	
672.0	
666.0	
666.0	
664.0	
669.0	
675.0	
670.0	
667.0	
665.0	
673.0	
669.0	
667.0	
675.0	
682.0	
675.0	
671.0	
666.0	
673.0	
675.0	
675.0	
665.0	
667.0	
672.0	
677.0	
677.0	
685.0	
685.0	
688.0	
693.0	
697.0	
703.0	
711.0	
713.0	
711.0	
714.0	
723.0	
727.0	
725.0	
729.0	
712.0	
713.0	
723.0	
704.0	
697.0	
693.0	
685.0	
672.0	
667.0	
664.0	
673.0	
678.0	
688.0	
694.0	
694.0	
703.0	
698.0	
695.0	
701.0	
693.0	
699.0	
710.0	
693.0	
677.0	
671.0	
670.0	
665.0	
659.0	
661.0	
664.0	
669.0	
